-8.01E-02	1.79E-01
-7.80E-02	1.78E-01
-7.59E-02	1.79E-01
-7.43E-02	1.78E-01
-7.16E-02	1.78E-01
-6.90E-02	1.78E-01
-6.74E-02	1.77E-01
-6.53E-02	1.77E-01
-6.37E-02	1.77E-01
-6.15E-02	1.76E-01
-5.99E-02	1.76E-01
-5.78E-02	1.76E-01
-5.62E-02	1.75E-01
-5.41E-02	1.75E-01
-5.20E-02	1.74E-01
-4.93E-02	1.74E-01
-4.72E-02	1.73E-01
-4.51E-02	1.73E-01
-4.35E-02	1.72E-01
-4.14E-02	1.71E-01
-3.93E-02	1.71E-01
-3.71E-02	1.70E-01
-3.55E-02	1.69E-01
-3.34E-02	1.68E-01
-3.13E-02	1.68E-01
-2.86E-02	1.67E-01
-2.60E-02	1.66E-01
-2.39E-02	1.65E-01
-2.18E-02	1.64E-01
-1.91E-02	1.63E-01
-1.70E-02	1.62E-01
-1.43E-02	1.61E-01
-1.22E-02	1.60E-01
-9.55E-03	1.59E-01
-7.43E-03	1.57E-01
-4.77E-03	1.56E-01
-2.65E-03	1.56E-01
-1.06E-03	1.54E-01
2.12E-03	1.54E-01
5.31E-03	1.52E-01
7.96E-03	1.51E-01
1.17E-02	1.49E-01
1.49E-02	1.47E-01
1.80E-02	1.45E-01
2.23E-02	1.44E-01
2.44E-02	1.43E-01
2.65E-02	1.42E-01
2.92E-02	1.42E-01
3.34E-02	1.41E-01
3.66E-02	1.39E-01
3.87E-02	1.39E-01
4.08E-02	1.38E-01
4.30E-02	1.37E-01
4.51E-02	1.37E-01
4.77E-02	1.37E-01
5.04E-02	1.37E-01
5.25E-02	1.37E-01
5.57E-02	1.37E-01
5.99E-02	1.38E-01
5.89E-02	1.37E-01
6.21E-02	1.38E-01
6.26E-02	1.41E-01
6.37E-02	1.42E-01
6.37E-02	1.43E-01
6.37E-02	1.45E-01
6.37E-02	1.50E-01
6.42E-02	1.48E-01
6.26E-02	1.51E-01
6.26E-02	1.54E-01
6.15E-02	1.56E-01
6.15E-02	1.60E-01
6.05E-02	1.62E-01
5.99E-02	1.63E-01
5.89E-02	1.66E-01
5.68E-02	1.70E-01
5.57E-02	1.72E-01
5.52E-02	1.74E-01
5.41E-02	1.76E-01
5.25E-02	1.78E-01
5.15E-02	1.80E-01
5.09E-02	1.82E-01
4.93E-02	1.85E-01
4.77E-02	1.88E-01
4.56E-02	1.90E-01
4.40E-02	1.92E-01
4.14E-02	1.93E-01
3.98E-02	1.94E-01
3.77E-02	1.94E-01
3.66E-02	1.95E-01
3.45E-02	1.96E-01
3.13E-02	1.95E-01
2.92E-02	1.96E-01
2.81E-02	1.95E-01
2.60E-02	1.94E-01
2.44E-02	1.95E-01
2.18E-02	1.94E-01
1.91E-02	1.94E-01
1.75E-02	1.94E-01
1.49E-02	1.93E-01
1.33E-02	1.92E-01
1.06E-02	1.91E-01
9.02E-03	1.91E-01
6.37E-03	1.91E-01
4.77E-03	1.90E-01
3.18E-03	1.90E-01
5.31E-04	1.89E-01
-5.31E-04	1.89E-01
-1.59E-03	1.89E-01
-3.71E-03	1.88E-01
-6.37E-03	1.88E-01
-7.96E-03	1.88E-01
-9.55E-03	1.86E-01
-1.11E-02	1.86E-01
-1.27E-02	1.86E-01
-1.43E-02	1.85E-01
-1.64E-02	1.85E-01
-1.80E-02	1.85E-01
-2.02E-02	1.85E-01
-2.23E-02	1.84E-01
-2.39E-02	1.84E-01
-2.60E-02	1.83E-01
-2.86E-02	1.83E-01
-2.97E-02	1.83E-01
-3.18E-02	1.82E-01
-3.45E-02	1.82E-01
-3.55E-02	1.82E-01
-3.77E-02	1.82E-01
-3.98E-02	1.82E-01
-4.19E-02	1.81E-01
-4.24E-02	1.81E-01
-4.46E-02	1.80E-01
-4.67E-02	1.80E-01
-4.83E-02	1.80E-01
-4.93E-02	1.80E-01
-5.09E-02	1.80E-01
-5.15E-02	1.80E-01
-5.25E-02	1.80E-01
-5.41E-02	1.80E-01
-5.57E-02	1.80E-01
-5.68E-02	1.79E-01
-5.89E-02	1.80E-01
-6.10E-02	1.79E-01
-6.26E-02	1.78E-01
-6.42E-02	1.78E-01
-6.58E-02	1.78E-01
-6.84E-02	1.78E-01
-7.11E-02	1.78E-01
-7.96E-02	1.74E-01
-7.85E-02	1.71E-01
-7.85E-02	1.67E-01
-7.69E-02	1.64E-01
-7.69E-02	1.60E-01
-7.69E-02	1.56E-01
-7.53E-02	1.51E-01
-7.48E-02	1.47E-01
-7.37E-02	1.44E-01
-7.37E-02	1.39E-01
-7.27E-02	1.36E-01
-7.21E-02	1.32E-01
-7.16E-02	1.28E-01
-7.00E-02	1.25E-01
-6.95E-02	1.20E-01
-6.84E-02	1.16E-01
-6.68E-02	1.09E-01
-6.47E-02	1.04E-01
-6.21E-02	9.91E-02
-5.99E-02	9.33E-02
-5.78E-02	8.85E-02
-5.57E-02	8.43E-02
-5.36E-02	7.90E-02
-5.15E-02	7.48E-02
-4.72E-02	6.95E-02
-4.40E-02	6.21E-02
-4.08E-02	5.79E-02
-3.77E-02	5.47E-02
-3.50E-02	5.05E-02
-3.29E-02	4.63E-02
-2.97E-02	4.41E-02
-2.55E-02	4.10E-02
-2.33E-02	3.78E-02
-2.02E-02	3.41E-02
-1.64E-02	2.99E-02
-1.22E-02	2.41E-02
-8.49E-03	1.82E-02
-5.31E-03	1.35E-02
-2.12E-03	8.20E-03
0.00E+00	2.91E-03
4.24E-03	9.26E-03
7.43E-03	1.46E-02
1.11E-02	1.77E-02
1.49E-02	2.09E-02
2.02E-02	2.30E-02
2.33E-02	2.46E-02
2.65E-02	2.62E-02
3.02E-02	2.83E-02
3.34E-02	2.99E-02
3.87E-02	3.15E-02
4.56E-02	3.37E-02
5.09E-02	3.63E-02
5.41E-02	3.90E-02
5.89E-02	4.16E-02
6.26E-02	4.48E-02
6.79E-02	4.69E-02
7.43E-02	5.17E-02
7.85E-02	5.59E-02
8.28E-02	6.12E-02
8.65E-02	6.49E-02
8.97E-02	6.92E-02
9.28E-02	7.39E-02
9.44E-02	8.13E-02
9.39E-02	8.98E-02
9.28E-02	9.77E-02
9.02E-02	1.05E-01
8.91E-02	1.09E-01
8.54E-02	1.14E-01
8.28E-02	1.19E-01
8.06E-02	1.25E-01
7.64E-02	1.32E-01
7.43E-02	1.36E-01
7.21E-02	1.41E-01
6.95E-02	1.45E-01
6.68E-02	1.49E-01
6.31E-02	1.54E-01
